Best Performing Positive SVM
Alpha: 5.75, C: 3.25
F1: 0.8802018845964804 F1_stdv: 0.01318251785725636
Acc: 0.8553191489361703 Acc_stdv:0.017337488329756078
##########
Best Performing Negative SVM
Alpha: 1.5, C: 1.75
F1: 0.8543067038959259 F1_stdv: 0.01731114429294023
Acc: 0.8161702127659574 Acc_stdv:0.020031663482450748
##########
