Best Performing Positive SVM
Alpha: 3.25, C: 3.0
F1: 0.9060467720685109 F1_stdv: 0.05698326970709144
Acc: 0.8733333333333334 Acc_stdv:0.06960204339273701
##########
Best Performing Negative SVM
Alpha: 2.75, C: 2.0
F1: 0.9517112682974752 F1_stdv: 0.040062538462128296
Acc: 0.9200000000000002 Acc_stdv:0.06531972647421808
##########
