Best Performing Positive SVM
Alpha: 3.0, C: 3.0
F1: 0.8904000858476561 F1_stdv: 0.043330694013855316
Acc: 0.8451612903225806 Acc_stdv:0.06255070783763005
##########
Best Performing Negative SVM
Alpha: 3.5, C: 2.25
F1: 0.9282220951654914 F1_stdv: 0.021816591825649632
Acc: 0.8838709677419354 Acc_stdv:0.032896900087695365
##########
